0.511 0.69 0.414 0.469 2229.362 38.042 0.655 11.118 64.83 3.93 33.7680065 66.2385139
0.581 0.633 0.5 0.621 6104.055 31.825 0.536 6.886 61.15 5.174 -11.8775768 17.5691241
0.795 0.901 0.746 0.746 13998.3 2.881 0.181 12.331 78.57 10.146 41.000028 19.9999619
0.89 0.892 0.802 0.984 67462.095 9.771 0.079 2.348 77.97 12.111 24.0002488 53.9994829
0.845 0.872 0.855 0.809 21190.177 44.781 0.328 9.789 76.67 10.941 -34.9964963 -64.9672817
0.776 0.848 0.74 0.745 13894.013 2.958 0.245 16.99 75.09 11.302 40.7696272 44.6736646
0.944 0.976 0.924 0.933 48084.842 25.203 0.097 5.268 83.44 12.725 -24.7761086 134.755
0.922 0.947 0.865 0.956 56196.899 8.955 0.069 4.674 81.54 12.546 47.59397 14.12456
0.756 0.816 0.711 0.744 13783.68 10.048 0.323 5.509 73.01 10.575 40.3936294 47.7872508
0.433 0.64 0.417 0.305 753.909 11.531 0.504 1.427 61.58 3.288 -3.426449 29.9324519
0.93 0.94 0.902 0.945 52084.592 11.539 0.043 5.589 81.63 12.05 50.6402809 4.6667145
0.54 0.64 0.478 0.526 3254.246 11.801 0.612 2.232 61.77 3.826 9.5293472 2.2584408
0.45 0.64 0.312 0.462 2132.956 20.321 0.594 6.264 61.58 1.644 12.0753083 -1.6880314
0.63 0.8 0.529 0.59 4976.209 163.046 0.537 4.19 72.59 6.219 24.4769288 90.2934413
0.81 0.84 0.779 0.824 23324.657 7.0 0.206 4.34 75.05 11.36 42.6073975 25.4856617
0.85 0.88 0.769 0.914 42521.705 1.641 0.212 0.714 77.29 9.519 26.1551249 50.5344606
0.81 0.83 0.74 0.879 33747.213 0.389 0.341 10.36 73.92 11.437 24.7736546 -78.0000547
0.78 0.88 0.711 0.756 14871.811 3.301 0.149 18.425 77.4 9.818 44.3053476 17.5961467
0.82 0.84 0.838 0.789 18546.487 9.452 0.118 4.595 74.79 12.306 53.4250605 27.6971358
0.71 0.84 0.695 0.628 6381.598 0.39 0.415 6.413 74.62 9.922 16.8259793 -88.7600927
0.71 0.79 0.695 0.672 8553.784 11.513 0.417 3.498 71.51 9.018 -17.0568696 -64.9912286
0.76 0.86 0.694 0.749 14262.935 211.05 0.408 12.083 75.88 7.981 -10.3333333 -53.2
0.81 0.91 0.782 0.756 14935.909 0.287 0.252 10.331 79.19 10.642 13.1500331 -59.5250305
0.83 0.85 0.702 0.976 63965.093 0.433 0.255 9.117 75.86 9.14 4.4137155 114.5653908
0.65 0.79 0.496 0.707 10745.844 0.763 0.421 2.342 71.78 4.074 27.549511 90.5119273
0.73 0.76 0.676 0.771 16437.141 2.304 0.465 18.193 69.59 9.56 -23.1681782 24.5928742
0.39 0.51 0.353 0.347 993.009 4.745 0.68 3.68 53.28 4.282 7.0323598 19.9981227
0.92 0.96 0.894 0.934 48527.036 37.411 0.08 5.564 82.43 13.366 61.0666922 -107.991707
0.95 0.981 0.9 0.988 69393.521 8.591 0.025 4.581 83.78 13.381 46.7985624 8.2319736
0.851 0.926 0.81 0.823 23261.297 18.952 0.247 7.09 80.18 10.583 -31.7613365 -71.3187697
0.761 0.876 0.657 0.767 16057.396 1433.784 0.168 4.32 76.91 8.06 35.000074 104.999927
0.538 0.581 0.453 0.593 5068.606 25.717 0.638 3.317 57.78 5.288 7.9897371 -5.5679458
0.563 0.604 0.547 0.541 3580.903 25.876 0.56 3.38 59.29 6.311 4.6125522 13.1535811
0.48 0.62 0.496 0.357 1062.543 86.791 0.617 4.236 60.68 6.76 -2.9814344 23.8222636
0.57 0.68 0.543 0.508 2879.191 5.381 0.57 9.472 64.57 6.517 -2.9814344 23.8222636
0.76 0.88 0.682 0.749 14256.671 50.339 0.428 9.707 77.29 8.469 4.099917 -72.9088133
0.66 0.81 0.562 0.642 7019.168 0.55 0.397 12.249 72.98 6.288 16.0000552 -24.0083947
0.81 0.92 0.726 0.788 18486.371 5.048 0.288 11.854 80.28 8.742 10.2735633 -84.0739102
0.78 0.9 0.79 0.673 8620.716 11.333 0.304 1.638 78.8 11.791 23.0131338 -80.8328748
0.88 0.93 0.827 0.898 38206.84 1.199 0.086 7.274 80.98 12.171 34.9823018 33.1451285
0.9 0.9 0.89 0.898 38108.567 10.689 0.136 1.933 79.38 12.722 49.8167003 15.4749544
0.9 0.944 0.943 0.954 55314.354 83.517 0.084 3.043 81.33 14.152 51.1638175 10.4478313
0.94 0.937 0.92 0.963 58661.871 5.772 0.038 4.913 80.9 12.614 55.670249 10.3333283
0.756 0.832 0.666 0.781 17591.065 10.739 0.455 5.845 74.08 8.124 19.0974031 -70.3028026
0.748 0.875 0.672 0.712 11173.957 43.053 0.429 11.704 76.88 7.987 28.0000272 2.9999825
0.759 0.877 0.702 0.711 11043.983 17.374 0.384 3.968 77.01 8.907 -1.3397668 -79.3666965
0.707 0.8 0.618 0.716 11466.145 100.388 0.449 10.76 71.99 7.434 26.2540493 29.2675469
0.904 0.978 0.831 0.909 40974.524 46.737 0.07 13.959 83.57 10.252 39.3260685 -4.8379791
0.892 0.904 0.882 0.889 36019.267 1.326 0.086 5.115 78.75 13.143 58.7523778 25.3319078
0.485 0.717 0.341 0.467 2206.534 112.079 0.517 2.081 66.6 2.883 10.2116702 38.6521203
0.938 0.952 0.927 0.934 48511.398 5.532 0.047 6.595 81.91 12.824 63.2467777 25.9209164
0.743 0.73 0.764 0.735 13009.073 0.89 0.37 4.101 67.44 10.902 -18.1239696 179.0122737
0.901 0.964 0.817 0.93 47172.537 65.13 0.049 8.427 82.66 11.48 46.603354 1.8883335
0.703 0.715 0.65 0.746 13929.806 2.173 0.525 20.004 66.47 8.698 -0.8999695 11.6899699
0.932 0.943 0.927 0.926 46070.645 67.53 0.118 3.851 81.32 13.243 54.7023545 -3.2765753
0.812 0.827 0.862 0.751 14428.8 3.997 0.331 14.398 73.77 13.133 32.3293809 -83.1137366
0.611 0.678 0.563 0.599 5268.92 30.418 0.538 4.331 64.07 7.306 8.0300284 -1.0800271
0.496 0.647 0.406 0.465 2167.883 2.348 0.612 9.056 62.05 3.922 13.470062 -15.4900464
0.888 0.958 0.849 0.862 30154.634 10.473 0.116 17.238 82.24 10.552 38.9953683 21.9877132
0.663 0.835 0.519 0.671 8494.085 17.581 0.479 2.459 74.3 6.623 15.5855545 -90.345759
0.682 0.768 0.601 0.687 9455.014 0.783 0.462 11.852 69.91 8.49 4.8417097 -58.6416891
0.634 0.85 0.499 0.6 5308.453 9.746 0.423 5.386 75.27 6.573 15.2572432 -86.0755145
0.851 0.9 0.805 0.852 28069.848 4.13 0.116 6.935 78.49 11.449 45.5643442 17.0118954
0.51 0.677 0.456 0.429 1708.809 11.263 0.636 13.781 64.0 5.592 19.1399952 -72.3570972
0.854 0.875 0.821 0.868 31328.806 9.685 0.233 3.399 76.88 11.963 47.1817585 19.5060937
0.718 0.796 0.65 0.716 11459.097 270.626 0.48 4.687 71.72 8.167 -2.4833826 117.8902853
0.645 0.764 0.555 0.635 6681.347 1366.418 0.488 5.355 69.66 6.5 22.3511148 78.6677428
0.955 0.959 0.922 0.986 68370.587 4.882 0.093 4.928 82.31 12.666 52.865196 -7.9794599
0.783 0.872 0.756 0.729 12446.666 82.914 0.459 11.382 76.68 10.347 32.6475314 54.5643516
0.674 0.778 0.557 0.707 10800.839 39.31 0.577 12.822 70.6 7.316 33.0955793 44.1749775
0.949 0.969 0.926 0.952 54682.381 0.339 0.058 2.842 82.99 12.773 64.9841821 -18.1059013
0.919 0.969 0.883 0.906 40186.846 8.519 0.109 3.861 82.97 13.035 30.8124247 34.8594762
0.892 0.977 0.793 0.915 42776.357 60.55 0.069 9.887 83.51 10.38 42.6384261 12.674297
0.734 0.838 0.689 0.685 9319.131 2.948 0.396 8.002 74.48 9.733 18.1850507 -77.3947693
0.729 0.839 0.667 0.693 9858.487 10.102 0.45 14.715 74.53 10.518 31.1667049 36.941628
0.919 0.994 0.851 0.916 42931.696 126.86 0.094 2.291 84.63 12.85 36.5748441 139.2394179
0.825 0.825 0.83 0.821 22857.461 18.551 0.19 4.59 73.6 11.895 48.1012954 66.7780818
0.601 0.718 0.534 0.566 4243.626 52.574 0.518 2.642 66.7 6.564 1.4419683 38.4313975
0.697 0.792 0.73 0.587 4864.39 6.416 0.369 6.33 71.45 11.105 41.5089324 74.724091
0.594 0.766 0.484 0.566 4246.178 16.487 0.474 0.677 69.82 4.966 12.5433216 104.8144914
0.916 0.97 0.865 0.916 43043.711 51.225 0.064 4.148 83.03 12.214 36.638392 127.6961188
0.8 0.854 0.638 0.963 58590.082 4.207 0.242 2.182 75.49 7.276 29.2733964 47.4979476
0.613 0.737 0.481 0.65 7413.332 7.169 0.459 0.626 67.92 5.288 20.0171109 103.378253
0.744 0.907 0.604 0.753 14654.534 6.856 0.411 6.229 78.93 8.719 33.8750629 35.843409
0.48 0.678 0.426 0.383 1258.411 4.937 0.65 2.814 64.1 4.806 5.7499721 -9.3658524
0.724 0.814 0.61 0.764 15687.714 6.777 0.252 18.563 72.91 7.6 26.8234472 18.1236723
0.759 0.865 0.672 0.753 14615.57 0.183 0.401 20.706 76.2 8.508 13.8250489 -60.975036
0.782 0.877 0.746 0.732 12707.366 21.324 0.401 4.198 76.98 10.633 7.5554942 80.7137847
0.527 0.528 0.532 0.521 3150.62 2.125 0.553 23.405 54.33 6.539 -29.6039267 28.3350193
0.882 0.86 0.898 0.888 35798.67 2.76 0.124 6.352 75.93 13.077 55.3500003 23.7499997
0.916 0.958 0.806 0.995 72711.674 0.616 0.065 5.363 82.25 12.311 49.8158683 6.1296751
0.866 0.851 0.883 0.863 30282.394 1.907 0.176 6.52 75.29 13.031 56.8406494 24.7537645
0.686 0.872 0.569 0.65 7368.36 36.472 0.454 9.019 76.68 5.648 31.1728205 -7.3362482
0.75 0.798 0.711 0.743 13663.607 4.043 0.204 5.473 71.9 11.708 47.2879608 28.5670941
0.74 0.906 0.573 0.779 17416.778 0.531 0.369 6.138 78.92 7.02 3.7203503 73.2244152
0.779 0.847 0.703 0.794 19159.84 127.576 0.322 3.425 75.05 8.755 23.6585116 -102.0077097
0.774 0.858 0.704 0.765 15864.631 2.083 0.143 17.759 75.8 9.813 41.6171214 21.7168387
0.434 0.605 0.286 0.472 2268.773 19.658 0.671 7.224 59.31 2.353 16.3700359 -2.2900239
0.895 0.962 0.825 0.903 39554.521 0.44 0.175 3.473 82.53 11.326 35.8885993 14.4476911
0.583 0.725 0.464 0.59 4960.528 54.045 0.478 1.577 67.13 5.034 17.1750495 95.9999652
0.737 0.767 0.736 0.708 10838.674 3.225 0.322 6.011 69.87 10.251 46.8250388 103.8499736
0.456 0.628 0.395 0.382 1250.406 30.366 0.523 3.241 60.85 3.541 -19.302233 34.9144977
0.546 0.691 0.396 0.595 5134.57 4.526 0.634 9.548 64.93 4.726 20.2540382 -9.2399263
0.804 0.846 0.736 0.836 25266.212 1.27 0.347 6.674 74.99 9.54 -20.2759451 57.5703566
0.483 0.681 0.47 0.353 1034.678 18.629 0.565 5.653 64.26 4.73 -13.2687204 33.9301963
0.81 0.864 0.726 0.849 27534.099 31.95 0.253 3.324 76.16 10.373 4.5693754 102.2656823
0.646 0.672 0.584 0.686 9356.674 2.495 0.44 20.273 63.71 6.99 -23.2335499 17.3231107
0.394 0.653 0.249 0.375 1200.898 23.311 0.642 0.475 62.42 2.079 17.7356214 9.3238432
0.66 0.838 0.573 0.599 5283.659 6.546 0.428 6.837 74.49 6.912 12.6090157 -85.2936911
0.944 0.958 0.914 0.96 57707.069 17.097 0.043 3.196 82.28 12.415 52.2434979 5.6343227
0.957 0.96 0.93 0.982 66494.252 5.379 0.045 3.346 82.4 12.898 60.5000209 9.0999715
0.602 0.781 0.521 0.535 3456.706 28.609 0.452 1.407 70.78 5.014 28.1083929 84.0917139
0.931 0.958 0.926 0.908 40798.72 4.783 0.123 4.069 82.29 12.782 -41.5000831 172.8344077
0.813 0.89 0.718 0.84 25944.072 4.975 0.306 2.671 77.86 9.732 21.0000287 57.0036901
0.557 0.727 0.402 0.591 5005.035 216.565 0.538 4.453 67.27 5.159 30.3308401 71.247499
0.815 0.9 0.7 0.859 29557.668 4.246 0.407 3.902 78.51 10.24 8.559559 -81.1308434
0.777 0.873 0.74 0.726 12252.3 32.51 0.395 3.31 76.74 9.696 -6.8699697 -75.0458515
0.718 0.788 0.678 0.692 9777.798 108.117 0.43 2.15 71.23 9.393 12.7503486 122.7312101
0.555 0.685 0.439 0.568 4301.099 8.776 0.725 2.459 64.5 4.66 -5.6816069 144.2489081
0.88 0.904 0.869 0.87 31622.553 37.888 0.115 3.474 78.73 12.472 52.215933 19.134422
0.864 0.955 0.768 0.88 33966.828 10.226 0.075 6.334 82.05 9.263 40.0332629 -7.8896263
0.728 0.835 0.638 0.726 12223.94 7.045 0.446 4.809 74.25 8.535 -23.3165935 -58.1693445
0.848 0.927 0.659 1.0 92418.23 2.832 0.185 0.091 80.23 9.731 25.3336984 51.2295295
0.828 0.862 0.765 0.859 29497.232 19.365 0.276 3.976 76.05 11.071 45.9852129 24.6859225
0.824 0.809 0.823 0.841 26157.047 145.872 0.225 4.585 72.58 12.172 64.6863136 97.7453061
0.543 0.754 0.458 0.464 2155.334 12.627 0.402 1.03 69.02 4.417 -1.9646631 30.0644358
0.854 0.848 0.789 0.931 47495.427 34.269 0.252 5.927 75.13 10.225 25.6242618 42.3528328
0.51 0.697 0.345 0.551 3828.66 42.813 0.545 16.535 65.31 3.77 14.5844444 29.4917691
0.512 0.738 0.345 0.529 3309.386 16.296 0.533 6.604 67.94 3.183 14.4750607 -14.4529612
0.938 0.979 0.844 1.0 88155.214 5.804 0.065 4.109 83.62 11.625 1.357107 103.8194992
0.452 0.534 0.406 0.425 1667.844 7.813 0.644 4.428 54.7 3.7 8.6400349 -11.8400269
0.673 0.82 0.555 0.669 8359.115 6.454 0.383 4.11 73.32 6.907 13.8000382 -88.9140683
0.806 0.862 0.783 0.777 17191.669 8.772 0.132 12.686 76.0 11.194 44.1534121 20.55144
0.625 0.775 0.567 0.555 3952.072 0.215 0.537 13.369 70.39 6.437 0.9713095 7.02255
0.738 0.795 0.675 0.75 14324.377 0.581 0.436 7.334 71.68 9.261 4.1413025 -56.0771187
0.86 0.885 0.826 0.872 32113.046 5.457 0.191 5.561 77.54 12.693 48.7411522 19.4528646
0.917 0.943 0.91 0.898 38079.534 2.079 0.063 4.195 81.32 12.659 45.8133113 14.4808369
0.945 0.966 0.918 0.952 54507.805 10.036 0.039 6.476 82.8 12.548 59.6749712 14.5208584
0.611 0.618 0.557 0.66 7919.058 1.148 0.567 22.083 60.19 6.855 -26.5624806 31.3991317
0.567 0.811 0.416 0.542 3613.053 17.07 0.482 8.37 72.7 5.1 34.6401861 39.0494106
0.398 0.527 0.288 0.415 1555.374 15.947 0.71 1.891 54.24 2.524 15.6134137 19.0156172
0.515 0.631 0.517 0.419 1602.349 8.082 0.573 2.038 61.04 4.95 8.7800265 1.0199765
0.777 0.879 0.682 0.783 17781.191 69.626 0.359 0.754 77.15 7.939 14.8971921 100.83273
0.668 0.786 0.682 0.555 3953.598 9.321 0.314 11.017 71.1 10.734 38.6281733 70.8156541
0.725 0.783 0.775 0.627 6364.578 0.104 0.354 1.117 70.91 11.24 -19.9160819 -175.202642
0.796 0.823 0.728 0.841 26230.716 1.395 0.323 2.686 73.51 11.034 10.7466905 -61.0840075
0.74 0.872 0.661 0.702 10414.064 11.695 0.296 16.022 76.7 7.22 33.8439408 9.400138
0.82 0.888 0.731 0.85 27700.895 83.43 0.306 13.49 77.69 8.107 38.9597594 34.9249653
0.529 0.699 0.429 0.492 2599.847 58.005 0.556 1.98 65.46 6.122 -6.5247123 35.7878438
0.544 0.667 0.523 0.462 2123.269 44.27 0.535 1.843 63.37 6.172 1.5333554 32.2166578
0.779 0.801 0.799 0.738 13215.936 43.994 0.234 8.882 72.07 11.397 49.4871968 31.2718321
0.817 0.891 0.765 0.801 20063.642 3.462 0.288 8.731 77.91 8.926 -32.8755548 -56.0201525
0.926 0.906 0.9 0.976 63825.657 329.065 0.204 3.682 78.86 13.413 39.7837304 -100.445882
0.72 0.796 0.729 0.645 7141.954 32.982 0.288 5.917 71.73 11.807 41.32373 63.9528098
0.711 0.801 0.7 0.643 7044.639 28.516 0.479 8.801 72.06 10.307 8.0018709 -66.1109318
0.704 0.852 0.63 0.651 7432.707 96.462 0.296 2.013 75.4 8.32 15.9266657 107.9650855
0.715 0.82 0.713 0.626 6308.652 0.197 0.36 8.359 73.32 10.779 -13.7693895 -172.12005
0.47 0.71 0.35 0.418 1593.704 29.162 0.795 12.91 66.13 3.2 16.3471243 47.8915271
0.709 0.679 0.724 0.725 12129.23 58.558 0.406 28.181 64.13 10.241 -28.8166236 24.991639
0.584 0.675 0.557 0.529 3325.519 17.861 0.539 11.425 63.89 7.152 -14.5189121 27.5589884
0.571 0.638 0.587 0.496 2665.612 14.645 0.527 4.954 61.49 8.467 -18.4554963 29.7468414
